INLINE-  2147483647 2147483647    411027.85564   7600744.30412      1160.08233 Copy_of_king32 1
INLINE-  2147483647 2147483647    410712.94038   7600758.16619       730.08233 Copy_of_king32 1
INLINE-  2147483647 2147483647    411026.34532   7600844.76133      1160.05804 Copy_of_king32 2
INLINE-  2147483647 2147483647    410713.85179   7600858.15875       730.05810 Copy_of_king32 2
INLINE-  2147483647 2147483647    411024.30078   7600945.25878      1160.03411 Copy_of_king32 3
INLINE-  2147483647 2147483647    410714.26601   7600958.15848       730.03423 Copy_of_king32 3
INLINE-  2147483647 2147483647    411023.00305   7601045.60723      1160.01000 Copy_of_king32 4
INLINE-  2147483647 2147483647    410713.93662   7601058.24120       730.01019 Copy_of_king32 4
INLINE-  2147483647 2147483647    411123.18061   7601045.50986      1160.00517 Copy_of_king32 5
INLINE-  2147483647 2147483647    410813.86415   7601058.17800       730.00538 Copy_of_king32 5
INLINE-  2147483647 2147483647    411124.24283   7601145.27596      1160.00000 Copy_of_king32 6
INLINE-  2147483647 2147483647    410812.94658   7601158.33093       730.00000 Copy_of_king32 6
INLINE-  2147483647 2147483647    411122.45545   7601245.66256      1160.00000 Copy_of_king32 7
INLINE-  2147483647 2147483647    410811.81041   7601258.48233       730.00000 Copy_of_king32 7
INLINE-  2147483647 2147483647    411119.62808   7601346.05306      1160.00000 Copy_of_king32 8
INLINE-  2147483647 2147483647    410812.20118   7601358.26709       730.00000 Copy_of_king32 8
INLINE-  2147483647 2147483647    411116.99531   7601446.36369      1160.00000 Copy_of_king32 9
INLINE-  2147483647 2147483647    410812.75324   7601457.88219       730.00000 Copy_of_king32 9
INLINE-  2147483647 2147483647    411216.62251   7601446.36361      1160.00000 Copy_of_king32 10
INLINE-  2147483647 2147483647    410912.63266   7601457.81363       730.00000 Copy_of_king32 10
INLINE-  2147483647 2147483647    411215.91836   7601546.27743      1160.00000 Copy_of_king32 11
INLINE-  2147483647 2147483647    410911.16263   7601557.94355       730.00000 Copy_of_king32 11
INLINE-  2147483647 2147483647    411216.17603   7601645.68887      1160.00000 Copy_of_king32 12
INLINE-  2147483647 2147483647    410908.52259   7601658.27942       730.00000 Copy_of_king32 12
INLINE-  2147483647 2147483647    411216.46163   7601745.27246      1160.00000 Copy_of_king32 13
INLINE-  2147483647 2147483647    410905.72664   7601758.10535       730.00000 Copy_of_king32 13
INLINE-  2147483647 2147483647    411215.85885   7601845.17080      1160.00000 Copy_of_king32 14
INLINE-  2147483647 2147483647    410904.07434   7601857.96089       730.00000 Copy_of_king32 14
INLINE-  2147483647 2147483647    411214.38698   7601945.06388      1160.00000 Copy_of_king32 15
INLINE-  2147483647 2147483647    410902.99495   7601957.61742       730.00000 Copy_of_king32 15
INLINE-  2147483647 2147483647    411313.89301   7601945.27244      1160.00000 Copy_of_king32 16
INLINE-  2147483647 2147483647    411003.43046   7601957.59268       730.00000 Copy_of_king32 16
INLINE-  2147483647 2147483647    411312.12214   7602045.23347      1160.00000 Copy_of_king32 17
INLINE-  2147483647 2147483647    411002.73280   7602057.19413       730.00000 Copy_of_king32 17
INLINE-  2147483647 2147483647    411312.50187   7602144.91019      1160.00000 Copy_of_king32 18
INLINE-  2147483647 2147483647    411000.39422   7602156.94007       730.00000 Copy_of_king32 18
INLINE-  2147483647 2147483647    411311.82987   7602244.49064      1160.00000 Copy_of_king32 19
INLINE-  2147483647 2147483647    410999.19012   7602256.27315       730.00000 Copy_of_king32 19
INLINE-  2147483647 2147483647    411308.80376   7602344.53304      1160.00000 Copy_of_king32 20
INLINE-  2147483647 2147483647    411000.46223   7602355.39169       730.00000 Copy_of_king32 20
INLINE-  2147483647 2147483647    411305.42794   7602444.37580      1160.00000 Copy_of_king32 21
INLINE-  2147483647 2147483647    411001.66756   7602454.40497       730.00000 Copy_of_king32 21
INLINE-  2147483647 2147483647    411303.37462   7602544.01863      1160.00000 Copy_of_king32 22
INLINE-  2147483647 2147483647    411001.83159   7602553.77962       730.00000 Copy_of_king32 22
INLINE-  2147483647 2147483647    411303.44274   7602643.46412      1160.00000 Copy_of_king32 23
INLINE-  2147483647 2147483647    411001.60527   7602653.12570       730.00000 Copy_of_king32 23
INLINE-  2147483647 2147483647    411403.05134   7602643.74514      1160.00000 Copy_of_king32 24
INLINE-  2147483647 2147483647    411101.42355   7602653.37229       730.00000 Copy_of_king32 24
INLINE-  2147483647 2147483647    411401.65611   7602743.30745      1160.00000 Copy_of_king32 25
INLINE-  2147483647 2147483647    411101.96391   7602752.55907       730.00000 Copy_of_king32 25
INLINE-  2147483647 2147483647    411400.06688   7602842.97047      1160.00000 Copy_of_king32 26
INLINE-  2147483647 2147483647    411102.93177   7602851.65673       730.00000 Copy_of_king32 26
INLINE-  2147483647 2147483647    411398.05087   7602942.58058      1160.00000 Copy_of_king32 27
INLINE-  2147483647 2147483647    411104.43983   7602950.62031       730.00000 Copy_of_king32 27
INLINE-  2147483647 2147483647    411394.77601   7603041.77407      1160.00000 Copy_of_king32 28
INLINE-  2147483647 2147483647    411107.37066   7603049.48748       730.00000 Copy_of_king32 28
INLINE-  2147483647 2147483647    411389.37206   7603140.44967      1160.00000 Copy_of_king32 29
INLINE-  2147483647 2147483647    411112.90162   7603148.89462       730.00000 Copy_of_king32 29
INLINE-  2147483647 2147483647    411381.57309   7603238.69689      1160.00000 Copy_of_king32 30
INLINE-  2147483647 2147483647    411121.53923   7603248.43688       730.00000 Copy_of_king32 30
INLINE-  2147483647 2147483647    411375.88973   7603337.30687      1160.00000 Copy_of_king32 31
INLINE-  2147483647 2147483647    411128.84488   7603347.27198       730.00000 Copy_of_king32 31
INLINE-  2147483647 2147483647    411380.58429   7603434.92891      1160.00000 Copy_of_king32 32
INLINE-  2147483647 2147483647    411122.62425   7603447.63384       730.00000 Copy_of_king32 32
INLINE-  2147483647 2147483647    411392.92181   7603530.28122      1160.00000 Copy_of_king32 33
INLINE-  2147483647 2147483647    411112.90672   7603548.74676       730.00000 Copy_of_king32 33
INLINE-  2147483647 2147483647    411399.29481   7603628.22707      1160.00000 Copy_of_king32 34
INLINE-  2147483647 2147483647    411109.61786   7603647.59454       730.00000 Copy_of_king32 34
INLINE-  2147483647 2147483647    411400.81091   7603727.41849      1160.00000 Copy_of_king32 35
INLINE-  2147483647 2147483647    411109.96586   7603746.57287       730.00000 Copy_of_king32 35
INLINE-  2147483647 2147483647    411403.62811   7603826.51312      1160.00000 Copy_of_king32 36
INLINE-  2147483647 2147483647    411109.07509   7603845.40332       730.00000 Copy_of_king32 36
INLINE-  2147483647 2147483647    411401.34935   7603926.04684      1160.00000 Copy_of_king32 37
INLINE-  2147483647 2147483647    411113.59172   7603943.92090       730.00000 Copy_of_king32 37
INLINE-  2147483647 2147483647    411399.78145   7604025.55590      1160.00000 Copy_of_king32 38
INLINE-  2147483647 2147483647    411118.11622   7604042.43935       730.00000 Copy_of_king32 38
INLINE-  2147483647 2147483647    411402.07088   7604124.72606      1160.00000 Copy_of_king32 39
INLINE-  2147483647 2147483647    411118.95356   7604141.34959       730.00000 Copy_of_king32 39
INLINE-  2147483647 2147483647    411405.61827   7604224.06748      1160.00000 Copy_of_king32 40
INLINE-  2147483647 2147483647    411118.29344   7604240.23510       730.00000 Copy_of_king32 40
INLINE-  2147483647 2147483647    411408.21822   7604323.33377      1160.00000 Copy_of_king32 41
INLINE-  2147483647 2147483647    411118.54613   7604339.29288       730.00000 Copy_of_king32 41
INLINE-  2147483647 2147483647    411410.12531   7604422.62000      1160.00000 Copy_of_king32 42
INLINE-  2147483647 2147483647    411119.56246   7604438.50866       730.00000 Copy_of_king32 42
INLINE-  2147483647 2147483647    411411.88615   7604522.00542      1160.00000 Copy_of_king32 43
INLINE-  2147483647 2147483647    411121.00299   7604537.83734       730.00000 Copy_of_king32 43
INLINE-  2147483647 2147483647    411413.83776   7604621.46042      1160.00000 Copy_of_king32 44
INLINE-  2147483647 2147483647    411122.51296   7604637.24531       730.00000 Copy_of_king32 44
INLINE-  2147483647 2147483647    411414.72131   7604721.09230      1160.00000 Copy_of_king32 45
INLINE-  2147483647 2147483647    411124.88011   7604736.74127       730.00000 Copy_of_king32 45
INLINE-  2147483647 2147483647    411416.92771   7604820.91625      1160.00000 Copy_of_king32 46
INLINE-  2147483647 2147483647    411125.66088   7604836.36868       730.00000 Copy_of_king32 46
INLINE-  2147483647 2147483647    411420.34158   7604921.00845      1160.00000 Copy_of_king32 47
INLINE-  2147483647 2147483647    411124.95656   7604936.08800       730.00000 Copy_of_king32 47
INLINE-  2147483647 2147483647    411423.31267   7605021.27333      1160.00000 Copy_of_king32 48
INLINE-  2147483647 2147483647    411125.46272   7605036.10517       730.00000 Copy_of_king32 48
INLINE-  2147483647 2147483647    411422.57355   7605121.41511      1160.00000 Copy_of_king32 49
INLINE-  2147483647 2147483647    411128.15896   7605136.62606       730.00000 Copy_of_king32 49
INLINE-  2147483647 2147483647    411418.98289   7605221.34742      1160.00000 Copy_of_king32 50
INLINE-  2147483647 2147483647    411133.18398   7605237.71546       730.00000 Copy_of_king32 50
INLINE-  2147483647 2147483647    411413.92393   7605321.50790      1160.00000 Copy_of_king32 51
INLINE-  2147483647 2147483647    411139.87800   7605339.00958       730.00000 Copy_of_king32 51
INLINE-  2147483647 2147483647    411407.95443   7605422.30401      1160.00000 Copy_of_king32 52
INLINE-  2147483647 2147483647    411146.80566   7605440.07943       730.00000 Copy_of_king32 52
INLINE-  2147483647 2147483647    411402.72364   7605523.52489      1160.00000 Copy_of_king32 53
INLINE-  2147483647 2147483647    411152.78272   7605541.55225       730.00000 Copy_of_king32 53
INLINE-  2147483647 2147483647    411398.84159   7605624.60378      1160.00000 Copy_of_king32 54
INLINE-  2147483647 2147483647    411157.34896   7605643.71821       730.00000 Copy_of_king32 54
INLINE-  2147483647 2147483647    411395.33272   7605726.13224      1160.00000 Copy_of_king32 55
INLINE-  2147483647 2147483647    411159.97277   7605746.20813       730.00000 Copy_of_king32 55
INLINE-  2147483647 2147483647    411292.90629   7605728.78310      1160.00000 Copy_of_king32 56
INLINE-  2147483647 2147483647    411057.88240   7605748.85812       730.00000 Copy_of_king32 56
INLINE-  2147483647 2147483647    411291.90916   7605830.88666      1160.00000 Copy_of_king32 57
INLINE-  2147483647 2147483647    411053.34393   7605851.16883       730.00000 Copy_of_king32 57
INLINE-  2147483647 2147483647    411394.41283   7605828.37052      1160.00000 Copy_of_king32 58
INLINE-  2147483647 2147483647    411155.56150   7605848.66796       730.00000 Copy_of_king32 58
INLINE-  2147483647 2147483647    411399.07675   7605930.56535      1160.00000 Copy_of_king32 59
INLINE-  2147483647 2147483647    411150.24905   7605951.34674       730.00000 Copy_of_king32 59
INLINE-  2147483647 2147483647    411403.25333   7606033.60213      1160.00000 Copy_of_king32 60
INLINE-  2147483647 2147483647    411144.10463   7606053.42849       730.00000 Copy_of_king32 60
INLINE-  2147483647 2147483647    411301.96212   7606035.82635      1160.00000 Copy_of_king32 61
INLINE-  2147483647 2147483647    411041.10092   7606055.36247       730.00000 Copy_of_king32 61
INLINE-  2147483647 2147483647    411303.33550   7606138.96106      1160.00000 Copy_of_king32 62
INLINE-  2147483647 2147483647    411036.29417   7606157.29390       730.00000 Copy_of_king32 62
INLINE-  2147483647 2147483647    411302.01831   7606241.72237      1160.00000 Copy_of_king32 63
INLINE-  2147483647 2147483647    411032.09041   7606259.55505       730.00000 Copy_of_king32 63
INLINE-  2147483647 2147483647    411300.46907   7606344.44893      1160.00000 Copy_of_king32 64
INLINE-  2147483647 2147483647    411030.81554   7606362.21953       730.00000 Copy_of_king32 64
INLINE-  2147483647 2147483647    411296.18720   7606446.65890      1160.00000 Copy_of_king32 65
INLINE-  2147483647 2147483647    411029.37262   7606464.81050       730.00000 Copy_of_king32 65
INLINE-  2147483647 2147483647    411293.99498   7606549.07810      1160.00000 Copy_of_king32 66
INLINE-  2147483647 2147483647    411027.31131   7606567.19010       730.00000 Copy_of_king32 66
INLINE-  2147483647 2147483647    411296.35411   7606651.56575      1160.00000 Copy_of_king32 67
INLINE-  2147483647 2147483647    411020.00775   7606668.85367       730.00000 Copy_of_king32 67
INLINE-  2147483647 2147483647    411298.41162   7606753.80873      1160.00000 Copy_of_king32 68
INLINE-  2147483647 2147483647    411012.91200   7606770.31195       730.00000 Copy_of_king32 68
INLINE-  2147483647 2147483647    411295.48955   7606855.51845      1160.00000 Copy_of_king32 69
INLINE-  2147483647 2147483647    411009.41223   7606871.86530       730.00000 Copy_of_king32 69
INLINE-  2147483647 2147483647    411291.02810   7606956.70359      1160.00000 Copy_of_king32 70
INLINE-  2147483647 2147483647    411009.15263   7606973.54385       730.00000 Copy_of_king32 70
INLINE-  2147483647 2147483647    411190.30986   7606955.66603      1160.00000 Copy_of_king32 71
INLINE-  2147483647 2147483647    410908.14754   7606972.44643       730.00000 Copy_of_king32 71
INLINE-  2147483647 2147483647    411188.24026   7607056.65168      1160.00000 Copy_of_king32 72
INLINE-  2147483647 2147483647    410903.50414   7607072.93695       730.00000 Copy_of_king32 72
INLINE-  2147483647 2147483647    411188.68805   7607157.64351      1160.00000 Copy_of_king32 73
INLINE-  2147483647 2147483647    410898.92246   7607173.13366       730.00000 Copy_of_king32 73
INLINE-  2147483647 2147483647    411187.52489   7607258.05922      1160.00000 Copy_of_king32 74
INLINE-  2147483647 2147483647    410894.53921   7607273.12430       730.00000 Copy_of_king32 74
INLINE-  2147483647 2147483647    411186.61971   7607358.16326      1160.00000 Copy_of_king32 75
INLINE-  2147483647 2147483647    410890.18802   7607372.73769       730.00000 Copy_of_king32 75
INLINE-  2147483647 2147483647    411185.73712   7607458.04073      1160.00000 Copy_of_king32 76
INLINE-  2147483647 2147483647    410886.00030   7607471.97044       730.00000 Copy_of_king32 76
INLINE-  2147483647 2147483647    411182.03413   7607557.11351      1160.00000 Copy_of_king32 77
INLINE-  2147483647 2147483647    410883.46982   7607571.03838       730.00000 Copy_of_king32 77
INLINE-  2147483647 2147483647    411177.06110   7607655.96415      1160.00000 Copy_of_king32 78
INLINE-  2147483647 2147483647    410883.55506   7607669.86795       730.00000 Copy_of_king32 78
INLINE-  2147483647 2147483647    411172.72106   7607754.61479      1160.00000 Copy_of_king32 79
INLINE-  2147483647 2147483647    410883.13878   7607768.28463       730.00000 Copy_of_king32 79
INLINE-  2147483647 2147483647    411170.66791   7607852.91309      1160.00000 Copy_of_king32 80
INLINE-  2147483647 2147483647    410879.11889   7607866.49204       730.00000 Copy_of_king32 80
INLINE-  2147483647 2147483647    411167.71375   7607950.89702      1160.00000 Copy_of_king32 81
INLINE-  2147483647 2147483647    410879.02557   7607964.47853       730.00000 Copy_of_king32 81
INLINE-  2147483647 2147483647    411161.48713   7608048.31141      1160.00000 Copy_of_king32 82
INLINE-  2147483647 2147483647    410881.43901   7608062.36980       730.00000 Copy_of_king32 82
INLINE-  2147483647 2147483647    411155.38860   7608145.52664      1160.00000 Copy_of_king32 83
INLINE-  2147483647 2147483647    410883.87325   7608160.05746       730.00000 Copy_of_king32 83
INLINE-  2147483647 2147483647    411154.56342   7608243.01989      1160.00000 Copy_of_king32 84
INLINE-  2147483647 2147483647    410882.51743   7608257.42625       730.00000 Copy_of_king32 84
INLINE-  2147483647 2147483647    411153.94239   7608340.40715      1160.00000 Copy_of_king32 85
INLINE-  2147483647 2147483647    410878.01692   7608354.43147       730.00000 Copy_of_king32 85
INLINE-  2147483647 2147483647    411152.01500   7608437.64589      1160.00000 Copy_of_king32 86
INLINE-  2147483647 2147483647    410877.02294   7608451.71355       730.00000 Copy_of_king32 86
INLINE-  2147483647 2147483647    411150.21376   7608534.89219      1160.00029 Copy_of_king32 87
INLINE-  2147483647 2147483647    410876.17790   7608549.00544       730.00072 Copy_of_king32 87
INLINE-  2147483647 2147483647    411050.44384   7608534.22479      1160.00279 Copy_of_king32 88
INLINE-  2147483647 2147483647    410776.50761   7608548.34028       730.00321 Copy_of_king32 88
INLINE-  2147483647 2147483647    411048.09256   7608631.50764      1160.02310 Copy_of_king32 89
INLINE-  2147483647 2147483647    410774.96569   7608645.64129       730.02344 Copy_of_king32 89
INLINE-  2147483647 2147483647    411048.64035   7608729.22036      1160.04343 Copy_of_king32 90
INLINE-  2147483647 2147483647    410773.61145   7608743.04039       730.04368 Copy_of_king32 90
INLINE-  2147483647 2147483647    411049.68789   7608827.08066      1160.06368 Copy_of_king32 91
INLINE-  2147483647 2147483647    410771.66092   7608840.49953       730.06384 Copy_of_king32 91
INLINE-  2147483647 2147483647    411050.88823   7608925.13969      1160.08413 Copy_of_king32 92
INLINE-  2147483647 2147483647    410769.30777   7608938.12562       730.08421 Copy_of_king32 92
INLINE-  2147483647 2147483647    411052.40441   7609023.53731      1160.10465 Copy_of_king32 93
INLINE-  2147483647 2147483647    410767.25926   7609036.08895       730.10465 Copy_of_king32 93
